0.000000	1.000000
0.140020	2.000000
0.180160	3.000000
0.180280	4.000000
0.220290	5.000000
0.220420	6.000000
0.220540	7.000000
0.220670	8.000000
0.340140	9.000000
0.340260	10.000000
0.340390	11.000000
0.340510	12.000000
0.340640	13.000000
0.340760	14.000000
0.340890	15.000000
0.341010	16.000000
0.380270	17.000000
0.380400	18.000000
0.380530	19.000000
0.380650	20.000000
0.380780	20.050000
0.380900	20.100000
0.381030	20.150000
0.381150	20.199000
0.381280	20.249000
0.381400	20.298000
0.381530	20.347000
0.381650	20.397000
0.381780	20.446000
0.381900	20.494000
0.382030	20.543000
0.382150	20.592000
0.420410	20.641000
0.420540	20.689000
0.420660	20.737000
0.420790	20.786000
0.420910	20.834000
0.421040	20.882000
0.421160	20.930000
0.421290	20.977000
0.421410	21.025000
0.421540	21.073000
0.421670	21.120000
0.421790	21.167000
0.421920	21.215000
0.422040	21.262000
0.422170	21.309000
0.422290	21.356000
0.422420	21.403000
0.422540	21.449000
0.422670	21.496000
0.422790	21.542000
0.622790	1.000000
1.040140	2.000000
1.080280	3.000000
1.080460	4.000000
1.120420	5.000000
1.120540	6.000000
1.120670	7.000000
1.121200	8.000000
1.160560	9.000000
1.160680	10.000000
1.160810	11.000000
1.160930	12.000000
1.164960	13.000000
1.165080	14.000000
1.165210	15.000000
1.165330	16.000000
1.200690	17.000000
1.200820	18.000000
1.200940	19.000000
1.201070	20.000000
1.201190	20.050000
1.203920	20.100000
1.204040	20.150000
1.204170	20.199000
1.205100	20.249000
1.205220	20.298000
1.205350	20.347000
1.205470	20.397000
1.205600	20.446000
1.205720	20.494000
1.205850	20.543000
1.205970	20.592000
1.240830	20.641000
1.240960	20.689000
1.241080	20.737000
1.241210	20.786000
1.241330	20.834000
1.241460	20.882000
1.244930	20.930000
1.245050	20.977000
1.245180	21.025000
1.245300	21.073000
1.245430	21.120000
1.245550	21.167000
1.245680	21.215000
1.245800	21.262000
1.245930	21.309000
1.246050	21.356000
1.246180	21.403000
1.246300	21.449000
1.246430	21.496000
1.246550	21.542000
1.280970	21.589000
1.281090	21.635000
1.281220	21.681000
1.281340	21.727000
1.281470	21.773000
1.281590	21.819000
1.285060	21.865000
1.285190	21.911000
1.285310	21.957000
1.285440	22.002000
1.285560	22.048000
1.285690	22.093000
1.285820	22.138000
1.285940	22.183000
1.286070	22.228000
1.286190	22.273000
1.286320	22.318000
1.286440	22.363000
1.286570	22.408000
1.286690	22.453000
1.321100	22.497000
1.321230	22.542000
1.321360	22.586000
1.321480	22.630000
1.321610	22.674000
1.321730	22.718000
1.325200	22.762000
1.325330	22.806000
1.325450	22.850000
1.325580	22.894000
1.325700	22.938000
1.325830	22.981000
1.325950	23.025000
1.326080	23.068000
1.326200	23.112000
1.326330	23.155000
1.326450	23.198000
1.326580	23.241000
1.326700	23.284000
1.326830	23.327000
1.361240	23.370000
1.361370	23.413000
1.361490	23.455000
1.361620	23.498000
1.361740	23.541000
1.361870	23.583000
1.365340	23.626000
1.365460	23.668000
1.365590	23.710000
1.365710	23.752000
1.365840	23.794000
1.365960	23.836000
1.366090	23.878000
1.366220	23.920000
1.366340	23.962000
1.366470	24.004000
1.366590	24.045000
1.366720	24.087000
1.366840	24.129000
1.366970	24.170000
1.401380	24.211000
1.401500	24.253000
1.401630	24.294000
1.401760	24.335000
1.401880	24.376000
1.402010	24.417000
1.405480	24.458000
1.405600	24.499000
1.405730	24.540000
1.405850	24.581000
1.405980	24.621000
1.406100	24.662000
1.406230	24.702000
1.406350	24.743000
1.406480	24.783000
1.406600	24.824000
1.406730	24.864000
1.406850	24.904000
1.406980	24.944000
1.407100	24.984000
1.441520	25.024000
1.441640	25.064000
1.441770	25.104000
1.441890	25.144000
1.442020	25.184000
1.442140	25.224000
1.445610	25.263000
1.445740	25.303000
1.445860	25.342000
1.445990	25.382000
1.446110	25.421000
1.446240	25.461000
1.446360	25.500000
1.446490	25.539000
1.446620	25.578000
1.446740	25.617000
1.446870	25.656000
1.446990	25.695000
1.447120	25.734000
1.447240	25.773000
1.481650	25.812000
1.481780	25.851000
1.481910	25.889000
1.482030	25.928000
1.482160	25.967000
1.482280	26.005000
1.485750	26.044000
1.485880	26.082000
1.486000	26.120000
1.486130	26.159000
1.486250	26.197000
1.486380	26.235000
1.486500	26.273000
1.486630	26.311000
1.486750	26.349000
1.486880	26.387000
1.487000	26.425000
1.487130	26.463000
1.487250	26.501000
1.487380	26.538000
1.521790	26.576000
1.521920	26.614000
1.522040	26.651000
1.522170	26.689000
1.522290	26.726000
1.522420	26.764000
1.525890	26.801000
1.526010	26.838000
1.526140	26.876000
1.526260	26.913000
1.526390	26.950000
1.526510	26.987000
1.526640	27.024000
1.526770	27.061000
1.526890	27.098000
1.527020	27.135000
1.527140	27.172000
1.527270	27.209000
1.527390	27.245000
1.527520	27.282000
1.561930	27.319000
1.562050	27.355000
1.562180	27.392000
1.562310	27.428000
1.562430	27.465000
1.562560	27.501000
1.566030	27.538000
1.566150	27.574000
1.566280	27.610000
1.566400	27.646000
1.566530	27.683000
1.566650	27.719000
1.566780	27.755000
1.566900	27.791000
1.567030	27.827000
1.567150	27.863000
1.567280	27.899000
1.567400	27.934000
1.567530	27.970000
1.567650	28.006000
1.602070	28.042000
1.602190	28.077000
1.602320	28.113000
1.602440	28.149000
1.602570	28.184000
1.602690	28.220000
1.606160	28.255000
1.606290	28.290000
1.606410	28.326000
1.606540	28.361000
1.606660	28.396000
1.606790	28.432000
1.606910	28.467000
1.607040	28.502000
1.607170	28.537000
1.607290	28.572000
1.607420	28.607000
1.607540	28.642000
1.607670	28.677000
1.607790	28.712000
1.642200	28.747000
1.642330	28.781000
1.642450	28.816000
1.642580	28.851000
1.642710	28.885000
1.642830	28.920000
1.646300	28.955000
1.646430	28.989000
1.646550	29.024000
1.646680	29.058000
1.646800	29.093000
1.646930	29.127000
1.647050	29.161000
1.647180	29.196000
1.647300	29.230000
1.647430	29.264000
1.647550	29.298000
1.647680	29.332000
1.647800	29.366000
1.647930	29.400000
1.682340	29.434000
1.682470	29.468000
1.682590	29.502000
1.682720	29.536000
1.682840	29.570000
1.682970	29.604000
1.686440	29.638000
1.686560	29.671000
1.686690	29.705000
1.686810	29.739000
1.686940	29.772000
1.687060	29.806000
1.687190	29.840000
1.687310	29.873000
1.687440	29.907000
1.687570	29.940000
1.687690	29.973000
1.687820	30.007000
1.687940	30.040000
1.688070	30.073000
1.722480	30.107000
1.722600	30.140000
1.722730	30.173000
1.722860	30.206000
1.722980	30.239000
1.723110	30.272000
1.726580	30.305000
1.726700	30.338000
1.726830	30.371000
1.726950	30.404000
1.727080	30.437000
1.727200	30.470000
1.727330	30.503000
1.727450	30.536000
1.727580	30.568000
1.727700	30.601000
1.727830	30.634000
1.727950	30.666000
1.728080	30.699000
1.728200	30.732000
1.762620	30.764000
1.762740	30.797000
1.762870	30.829000
1.762990	30.862000
1.763120	30.894000
1.763240	30.926000
1.766710	30.959000
1.766840	30.991000
1.766960	31.023000
1.767090	31.055000
1.767210	31.088000
1.767340	31.120000
1.767460	31.152000
1.767590	31.184000
1.767720	31.216000
1.767840	31.248000
1.767970	31.280000
1.768090	31.312000
1.768220	31.344000
1.768340	31.376000
1.802750	31.408000
1.802880	31.440000
1.803000	31.471000
1.803130	31.503000
1.803260	31.535000
1.803380	31.567000
1.806850	31.598000
1.806980	31.630000
1.807100	31.662000
1.807230	31.693000
1.807350	31.725000
1.807480	31.756000
1.807600	31.788000
1.807730	31.819000
1.807850	31.851000
1.807980	31.882000
1.808100	31.913000
1.808230	31.945000
1.808350	31.976000
1.808480	32.007000
1.842890	32.039000
1.843020	32.070000
1.843140	32.101000
1.843270	32.132000
1.843390	32.163000
1.843520	32.194000
1.846990	32.225000
1.847110	32.256000
1.847240	32.287000
1.847360	32.318000
1.847490	32.349000
1.847610	32.380000
1.847740	32.411000
1.847860	32.442000
1.847990	32.473000
1.848120	32.504000
1.848240	32.534000
1.848370	32.565000
1.848490	32.596000
1.848620	32.627000
1.883030	32.657000
1.883150	32.688000
1.883280	32.718000
1.883400	32.749000
1.883530	32.779000
1.883660	32.810000
1.887130	32.840000
1.887250	32.871000
1.887380	32.901000
1.887500	32.932000
1.887630	32.962000
1.887750	32.992000
1.887880	33.023000
1.888000	33.053000
1.888130	33.083000
1.888250	33.114000
1.888380	33.144000
1.888500	33.174000
1.888630	33.204000
1.888750	33.234000
1.923170	33.264000
1.923290	33.294000
1.923420	33.324000
1.923540	33.354000
1.923670	33.384000
1.923790	33.414000
1.927260	33.444000
1.927390	33.474000
1.927510	33.504000
1.927640	33.534000
1.927760	33.564000
1.927890	33.593000
1.928010	33.623000
1.928140	33.653000
1.928260	33.683000
1.928390	33.712000
1.928520	33.742000
1.928640	33.772000
1.928770	33.801000
1.928890	33.831000
1.963300	33.860000
1.963430	33.890000
1.963550	33.919000
1.963680	33.949000
1.963800	33.978000
1.963930	34.008000
1.967400	34.037000
1.967530	34.067000
1.967650	34.096000
1.967780	34.125000
1.967900	34.155000
1.968030	34.184000
1.968150	34.213000
1.968280	34.242000
1.968400	34.272000
1.968530	34.301000
1.968650	34.330000
1.968780	34.359000
1.968900	34.388000
1.969030	34.417000
2.003440	34.446000
2.003570	34.475000
2.003690	34.504000
2.003820	34.533000
2.003940	34.562000
2.004070	34.591000
2.007540	34.620000
2.007660	34.649000
2.007790	34.678000
2.007910	34.707000
2.008040	34.735000
2.008160	34.764000
2.008290	34.793000
2.008410	34.822000
2.008540	34.850000
2.008660	34.879000
2.008790	34.908000
2.008920	34.936000
2.009040	34.965000
2.009170	34.994000
2.209170	1.000000
