0.000000	1.000000
0.540020	2.000000
0.580160	3.000000
0.580280	4.000000
0.620290	5.000000
0.620420	6.000000
0.620540	7.000000
0.620670	8.000000
0.740140	9.000000
0.740260	10.000000
0.740390	11.000000
0.740510	12.000000
0.740640	13.000000
0.740760	14.000000
0.740890	15.000000
0.741010	16.000000
0.780270	17.000000
0.780400	18.000000
0.780530	19.000000
0.780650	20.000000
0.780780	20.050000
0.780900	20.100000
0.781030	20.150000
0.781150	20.199000
0.781280	20.249000
0.781400	20.298000
0.781530	20.347000
0.781650	20.397000
0.781780	20.446000
0.781900	20.494000
0.782030	20.543000
0.782150	20.592000
0.820410	20.641000
0.820540	20.689000
0.820660	20.737000
0.820790	20.786000
0.820910	20.834000
0.821040	20.882000
0.821160	20.930000
0.821290	20.977000
0.821410	21.025000
0.821540	21.073000
0.821670	21.120000
0.821790	21.167000
0.821920	21.215000
0.822040	21.262000
0.822170	21.309000
0.822290	21.356000
0.822420	21.403000
0.822540	21.449000
0.822670	21.496000
0.822790	21.542000
1.040270	21.589000
1.040400	21.635000
1.040520	21.681000
1.040650	21.727000
1.040770	21.773000
1.040900	21.819000
1.041020	21.865000
1.041150	21.911000
1.041270	21.957000
1.041400	22.002000
1.041520	22.048000
1.041650	22.093000
1.041780	22.138000
1.041900	22.183000
1.042030	22.228000
1.042150	22.273000
1.042280	22.318000
1.042400	22.363000
1.042530	22.408000
1.042650	22.453000
1.080590	22.497000
1.080720	22.542000
1.080840	22.586000
1.080970	22.630000
1.081090	22.674000
1.081220	22.718000
1.081340	22.762000
1.081470	22.806000
1.081590	22.850000
1.081720	22.894000
1.081840	22.938000
1.081970	22.981000
1.082090	23.025000
1.082220	23.068000
1.082340	23.112000
1.082470	23.155000
1.082590	23.198000
1.082720	23.241000
1.082850	23.284000
1.082970	23.327000
1.120800	23.370000
1.120930	23.413000
1.121070	23.455000
1.121330	23.498000
1.121460	23.541000
1.121580	23.583000
1.121710	23.626000
1.121830	23.668000
1.121960	23.710000
1.122080	23.752000
1.122210	23.794000
1.122340	23.836000
1.122460	23.878000
1.122590	23.920000
1.122710	23.962000
1.122840	24.004000
1.122960	24.045000
1.123090	24.087000
1.123210	24.129000
1.123340	24.170000
1.161060	24.211000
1.161220	24.253000
1.161370	24.294000
1.161510	24.335000
1.161630	24.376000
1.161760	24.417000
1.161900	24.458000
1.162020	24.499000
1.162150	24.540000
1.162290	24.581000
1.162410	24.621000
1.162540	24.662000
1.162660	24.702000
1.162790	24.743000
1.162920	24.783000
1.163040	24.824000
1.163170	24.864000
1.163290	24.904000
1.163430	24.944000
1.163560	24.984000
1.201320	25.024000
1.201480	25.064000
1.201620	25.104000
1.201750	25.144000
1.201880	25.184000
1.202010	25.224000
1.202130	25.263000
1.202270	25.303000
1.202400	25.342000
1.202520	25.382000
1.202650	25.421000
1.202780	25.461000
1.202910	25.500000
1.203040	25.539000
1.203160	25.578000
1.203290	25.617000
1.203410	25.656000
1.203540	25.695000
1.203660	25.734000
1.203790	25.773000
1.241590	25.812000
1.241730	25.851000
1.241860	25.889000
1.242000	25.928000
1.242140	25.967000
1.242260	26.005000
1.242400	26.044000
1.242530	26.082000
1.242650	26.120000
1.242780	26.159000
1.242910	26.197000
1.243040	26.235000
1.243160	26.273000
1.243290	26.311000
1.243410	26.349000
1.243550	26.387000
1.243670	26.425000
1.243800	26.463000
1.243920	26.501000
1.244050	26.538000
1.281720	26.576000
1.281870	26.614000
1.282000	26.651000
1.282140	26.689000
1.282270	26.726000
1.282400	26.764000
1.282540	26.801000
1.282660	26.838000
1.282790	26.876000
1.282910	26.913000
1.283050	26.950000
1.283170	26.987000
1.283300	27.024000
1.283430	27.061000
1.283550	27.098000
1.283690	27.135000
1.283810	27.172000
1.283940	27.209000
1.284060	27.245000
1.284190	27.282000
1.321860	27.319000
1.322000	27.355000
1.322140	27.392000
1.322280	27.428000
1.322410	27.465000
1.322540	27.501000
1.322680	27.538000
1.322800	27.574000
1.322930	27.610000
1.323050	27.646000
1.323190	27.683000
1.323310	27.719000
1.323440	27.755000
1.323560	27.791000
1.323690	27.827000
1.323820	27.863000
1.323950	27.899000
1.324070	27.934000
1.324200	27.970000
1.324320	28.006000
1.362000	28.042000
1.362140	28.077000
1.362270	28.113000
1.362410	28.149000
1.362550	28.184000
1.362670	28.220000
1.362810	28.255000
1.362940	28.290000
1.363060	28.326000
1.363190	28.361000
1.363320	28.396000
1.363450	28.432000
1.363570	28.467000
1.363700	28.502000
1.363830	28.537000
1.363960	28.572000
1.364090	28.607000
1.364210	28.642000
1.364340	28.677000
1.364460	28.712000
1.402140	28.747000
1.402280	28.781000
1.402410	28.816000
1.402550	28.851000
1.402690	28.885000
1.402810	28.920000
1.402950	28.955000
1.403080	28.989000
1.403200	29.024000
1.403330	29.058000
1.403460	29.093000
1.403590	29.127000
1.403710	29.161000
1.403840	29.196000
1.403960	29.230000
1.404100	29.264000
1.404220	29.298000
1.404350	29.332000
1.404470	29.366000
1.404600	29.400000
1.442270	29.434000
1.442420	29.468000
1.442550	29.502000
1.442690	29.536000
1.442820	29.570000
1.442950	29.604000
1.443090	29.638000
1.443210	29.671000
1.443340	29.705000
1.443460	29.739000
1.443600	29.772000
1.443720	29.806000
1.443850	29.840000
1.443980	29.873000
1.444100	29.907000
1.444230	29.940000
1.444360	29.973000
1.444490	30.007000
1.444610	30.040000
1.444740	30.073000
1.482410	30.107000
1.482550	30.140000
1.482690	30.173000
1.482830	30.206000
1.482960	30.239000
1.483090	30.272000
1.483230	30.305000
1.483350	30.338000
1.483480	30.371000
1.483600	30.404000
1.483740	30.437000
1.483860	30.470000
1.483990	30.503000
1.484110	30.536000
1.484240	30.568000
1.484370	30.601000
1.484500	30.634000
1.484620	30.666000
1.484750	30.699000
1.484870	30.732000
1.522550	30.764000
1.522690	30.797000
1.522820	30.829000
1.522960	30.862000
1.523100	30.894000
1.523220	30.926000
1.523360	30.959000
1.523490	30.991000
1.523610	31.023000
1.523740	31.055000
1.523870	31.088000
1.524000	31.120000
1.524120	31.152000
1.524250	31.184000
1.524380	31.216000
1.524510	31.248000
1.524640	31.280000
1.524760	31.312000
1.524890	31.344000
1.525010	31.376000
1.562690	31.408000
1.562830	31.440000
1.562960	31.471000
1.563100	31.503000
1.563240	31.535000
1.563360	31.567000
1.563500	31.598000
1.563630	31.630000
1.563750	31.662000
1.563880	31.693000
1.564010	31.725000
1.564140	31.756000
1.564260	31.788000
1.564390	31.819000
1.564510	31.851000
1.564650	31.882000
1.564770	31.913000
1.564900	31.945000
1.565020	31.976000
1.565150	32.007000
1.602820	32.039000
1.602960	32.070000
1.603100	32.101000
1.603240	32.132000
1.603370	32.163000
1.603500	32.194000
1.603640	32.225000
1.603760	32.256000
1.603890	32.287000
1.604010	32.318000
1.604150	32.349000
1.604270	32.380000
1.604400	32.411000
1.604520	32.442000
1.604650	32.473000
1.604780	32.504000
1.604910	32.534000
1.605040	32.565000
1.605160	32.596000
1.605290	32.627000
1.642960	32.657000
1.643100	32.688000
1.643240	32.718000
1.643380	32.749000
1.643510	32.779000
1.643640	32.810000
1.643780	32.840000
1.643900	32.871000
1.644030	32.901000
1.644150	32.932000
1.644290	32.962000
1.644410	32.992000
1.644540	33.023000
1.644660	33.053000
1.644790	33.083000
1.644920	33.114000
1.645050	33.144000
1.645170	33.174000
1.645300	33.204000
1.645420	33.234000
1.683100	33.264000
1.683240	33.294000
1.683370	33.324000
1.683510	33.354000
1.683650	33.384000
1.683770	33.414000
1.683910	33.444000
1.684040	33.474000
1.684160	33.504000
1.684290	33.534000
1.684420	33.564000
1.684550	33.593000
1.684670	33.623000
1.684800	33.653000
1.684920	33.683000
1.685060	33.712000
1.685180	33.742000
1.685310	33.772000
1.685440	33.801000
1.685560	33.831000
1.723240	33.860000
1.723380	33.890000
1.723510	33.919000
1.723650	33.949000
1.723790	33.978000
1.723910	34.008000
1.724050	34.037000
1.724180	34.067000
1.724300	34.096000
1.724430	34.125000
1.724560	34.155000
1.724690	34.184000
1.724810	34.213000
1.724940	34.242000
1.725060	34.272000
1.725200	34.301000
1.725320	34.330000
1.725450	34.359000
1.725570	34.388000
1.725700	34.417000
1.763370	34.446000
1.763510	34.475000
1.763650	34.504000
1.763790	34.533000
1.763920	34.562000
1.764050	34.591000
1.764190	34.620000
1.764310	34.649000
1.764440	34.678000
1.764560	34.707000
1.764700	34.735000
1.764820	34.764000
1.764950	34.793000
1.765070	34.822000
1.765200	34.850000
1.765330	34.879000
1.765460	34.908000
1.765580	34.936000
1.765710	34.965000
1.765840	34.994000
1.803510	35.022000
1.803650	35.051000
1.803790	35.079000
1.803930	35.108000
1.804060	35.136000
1.804190	35.165000
1.804330	35.193000
1.804450	35.222000
1.804580	35.250000
1.804700	35.278000
1.804840	35.307000
1.804960	35.335000
1.805090	35.363000
1.805210	35.392000
1.805340	35.420000
1.805470	35.448000
1.805600	35.476000
1.805720	35.505000
1.805850	35.533000
1.805970	35.561000
1.843650	35.589000
1.843790	35.617000
1.843920	35.645000
1.844060	35.673000
1.844200	35.701000
1.844320	35.729000
1.844460	35.757000
1.844590	35.785000
1.844710	35.813000
1.844840	35.841000
1.844970	35.869000
1.845100	35.897000
1.845220	35.925000
1.845350	35.953000
1.845470	35.980000
1.845610	36.008000
1.845730	36.036000
1.845860	36.064000
1.845990	36.091000
1.846110	36.119000
1.883790	36.147000
1.883930	36.174000
1.884060	36.202000
1.884200	36.230000
1.884340	36.257000
1.884460	36.285000
1.884600	36.312000
1.884730	36.340000
1.884850	36.368000
1.884980	36.395000
1.885110	36.423000
1.885240	36.450000
1.885360	36.477000
1.885490	36.505000
1.885610	36.532000
1.885750	36.560000
1.885870	36.587000
1.886000	36.614000
1.886120	36.642000
1.886250	36.669000
1.923920	36.696000
1.924060	36.723000
1.924200	36.751000
1.924340	36.778000
1.924470	36.805000
1.924600	36.832000
1.924740	36.859000
1.924860	36.886000
1.924990	36.914000
1.925110	36.941000
1.925250	36.968000
1.925370	36.995000
1.925500	37.022000
1.925620	37.049000
1.925750	37.076000
1.925880	37.103000
1.926010	37.130000
1.926130	37.157000
1.926260	37.184000
1.926390	37.210000
1.964060	37.237000
1.964200	37.264000
1.964340	37.291000
1.964480	37.318000
1.964610	37.345000
1.964740	37.371000
1.964880	37.398000
1.965000	37.425000
1.965130	37.452000
1.965250	37.478000
1.965390	37.505000
1.965510	37.532000
1.965640	37.558000
1.965760	37.585000
1.965890	37.612000
1.966020	37.638000
1.966150	37.665000
1.966270	37.691000
1.966400	37.718000
1.966520	37.744000
2.004200	37.771000
2.004340	37.797000
2.004470	37.824000
2.004610	37.850000
2.004750	37.877000
2.004870	37.903000
2.005010	37.929000
2.005140	37.956000
2.005260	37.982000
2.005390	38.008000
2.005520	38.035000
2.005650	38.061000
2.005770	38.087000
2.005900	38.114000
2.006020	38.140000
2.006160	38.166000
2.006280	38.192000
2.006410	38.218000
2.006530	38.245000
2.006660	38.271000
2.206660	1.000000
